14370:
1.9999999999999998
4584:
3.6666666666666665
8619:
2.6666666666666665
1.9999999999999998
3.3333333333333335
1.333333333333333
2.6666666666666665
2.333333333333333
3.6666666666666665
1.333333333333333
1.0
6085:
4.666666666666667
2.6666666666666665
4.666666666666667
5.0
4.0
4.333333333333333
4.333333333333333
2.6666666666666665
4.666666666666667
15389:
4.333333333333333
4.333333333333333
5561:
4.666666666666667
1.6666666666666665
4.666666666666667
4.333333333333333
3.3333333333333335
3.3333333333333335
4.666666666666667
5.0
4.0
5.0
4.0
4.333333333333333
4.666666666666667
4.333333333333333
5.0
4.0
3.6666666666666665
4.0
3.6666666666666665
4.333333333333333
4.333333333333333
4.333333333333333
4.333333333333333
4.666666666666667
3.6666666666666665
3.3333333333333335
3.3333333333333335
4.666666666666667
4.333333333333333
5.0
1.9999999999999998
3.3333333333333335
13352:
3.0
12003:
3.6666666666666665
4.0
4.333333333333333
3.6666666666666665
4.0
3.6666666666666665
4.333333333333333
4.666666666666667
3.6666666666666665
3.6666666666666665
4.666666666666667
3.6666666666666665
4.333333333333333
4.0
3.6666666666666665
3.6666666666666665
3.6666666666666665
3.3333333333333335
4.333333333333333
3.3333333333333335
1.9999999999999998
5.0
4.333333333333333
4.666666666666667
3.3333333333333335
2.333333333333333
4.0
4.666666666666667
5.0
4.666666666666667
3.0
3.6666666666666665
3.6666666666666665
4.666666666666667
4.666666666666667
5.0
4.0
2.333333333333333
4.666666666666667
5.0
3.0
4.666666666666667
3.3333333333333335
3.6666666666666665
4.666666666666667
5.0
4.0
4.666666666666667
3.6666666666666665
2.6666666666666665
15881:
1.9999999999999998
6123:
3.3333333333333335
2.333333333333333
4.333333333333333
2.6666666666666665
1.333333333333333
1348:
3.3333333333333335
5732:
3.6666666666666665
4.0
3.6666666666666665
5.0
4.666666666666667
3.3333333333333335
5.0
3.3333333333333335
4.333333333333333
5.0
3.3333333333333335
4.0
5.0
3.0
4.333333333333333
1.333333333333333
4.666666666666667
2.6666666666666665
4.333333333333333
4.666666666666667
3.6666666666666665
4.333333333333333
3.3333333333333335
4.0
4.0
4.333333333333333
4.0
4.666666666666667
5.0
3.6666666666666665
4.0
4.666666666666667
4.333333333333333
3.3333333333333335
3.3333333333333335
3.6666666666666665
4.666666666666667
4.666666666666667
4.0
3.3333333333333335
4.333333333333333
4.666666666666667
3.0
4.333333333333333
3.0
3.6666666666666665
3.3333333333333335
7705:
3.0
1.9999999999999998
2.333333333333333
2.6666666666666665
11890:
3.0
10276:
4.0
424:
4.666666666666667
4.0
3.6666666666666665
3.3333333333333335
2.333333333333333
4.0
3.3333333333333335
4.0
3.6666666666666665
3.3333333333333335
4.666666666666667
4.666666666666667
3.3333333333333335
4.0
4.666666666666667
3.6666666666666665
2.6666666666666665
3.6666666666666665
4.0
3.3333333333333335
3.0
4.333333333333333
8539:
3.0
3.0
4.666666666666667
4.0
4.333333333333333
4.333333333333333
4.666666666666667
8376:
4.666666666666667
3.3333333333333335
3.0
4.0
4.0
10271:
3.3333333333333335
3.0
3.6666666666666665
3.3333333333333335
3.0
2.6666666666666665
1.9999999999999998
226:
3.0
8576:
3.0
1897:
3.3333333333333335
12962:
3.6666666666666665
3835:
3.3333333333333335
1.333333333333333
3.0
4.0
4.0
2.6666666666666665
2.6666666666666665
2.6666666666666665
3.3333333333333335
2.6666666666666665
3.0
1.9999999999999998
13102:
3.6666666666666665
1.6666666666666665
3.3333333333333335
1.9999999999999998
3.0
2.6666666666666665
3.0
4.0
10851:
4.0
3.3333333333333335
4.666666666666667
4.666666666666667
4.0
7055:
3.6666666666666665
4.666666666666667
3.0
3.6666666666666665
3.3333333333333335
3.0
3.3333333333333335
4.0
4.0
4.333333333333333
3.6666666666666665
3.0
4.333333333333333
5.0
4.666666666666667
3.6666666666666665
4.0
4.666666666666667
5.0
4.0
4.0
3.0
4.333333333333333
4.666666666666667
4.333333333333333
4.0
4.0
3.0
4.333333333333333
4.666666666666667
3.6666666666666665
2.333333333333333
4.333333333333333
4.666666666666667
3.0
1.9999999999999998
3.6666666666666665
4.0
4.333333333333333
4.666666666666667
3.6666666666666665
4.666666666666667
4.0
3.3333333333333335
4.333333333333333
2.6666666666666665
3.6666666666666665
3.3333333333333335
3.0
3.6666666666666665
4.333333333333333
3.3333333333333335
4.666666666666667
4.0
3.0
3.3333333333333335
4.666666666666667
4.0
4.666666666666667
4.666666666666667
4.333333333333333
3.6666666666666665
3.6666666666666665
5.0
4.0
4.0
3.0
3.3333333333333335
3.6666666666666665
3.3333333333333335
3.6666666666666665
3.0
3.0
3.6666666666666665
4.0
5.0
4.0
4.333333333333333
4.333333333333333
4.0
2.6666666666666665
4.666666666666667
3.6666666666666665
3.0
3.6666666666666665
3.3333333333333335
1.6666666666666665
5.0
4.333333333333333
4.0
4.666666666666667
5.0
3.6666666666666665
2.6666666666666665
4.0
4.666666666666667
4.0
5.0
3.0
5.0
5.0
4.333333333333333
3.0
4.666666666666667
4.333333333333333
4.333333333333333
3.3333333333333335
4.666666666666667
2.6666666666666665
4.333333333333333
3.3333333333333335
3.0
8936:
3.6666666666666665
4.666666666666667
3.3333333333333335
3.3333333333333335
13953:
3.6666666666666665
4.0
4.333333333333333
2037:
1.333333333333333
4.0
3.3333333333333335
1.6666666666666665
1.9999999999999998
1.9999999999999998
1.333333333333333
4.0
3.6666666666666665
3.3333333333333335
2554:
3.0
3.6666666666666665
3.3333333333333335
5.0
3.6666666666666665
2.333333333333333
3.6666666666666665
3.6666666666666665
4.0
4.0
3.3333333333333335
3.3333333333333335
3.6666666666666665
4.333333333333333
3.0
4.0
2.6666666666666665
3.3333333333333335
4.0
3.3333333333333335
17603:
4.0
3.6666666666666665
5.0
5.0
1.0
2.333333333333333
1.333333333333333
3.3333333333333335
1.6666666666666665
2.333333333333333
10680:
1.6666666666666665
2.333333333333333
3.0
3.0
1.9999999999999998
3.3333333333333335
3.0
3.0
3.0
2.333333333333333
1.9999999999999998
2.6666666666666665
1.0
1.333333333333333
3.3333333333333335
3.0
2.6666666666666665
2.333333333333333
2.6666666666666665
3.0
2.333333333333333
1.6666666666666665
1.6666666666666665
2.6666666666666665
3.3333333333333335
2.6666666666666665
4.333333333333333
4.666666666666667
1.333333333333333
8179:
3.3333333333333335
7693:
3.6666666666666665
2.333333333333333
3.0
1.9999999999999998
17243:
1.9999999999999998
2.333333333333333
1.6666666666666665
3.6666666666666665
1.9999999999999998
4.666666666666667
5936:
3.6666666666666665
6972:
4.333333333333333
2.6666666666666665
4.666666666666667
2.6666666666666665
5.0
3.6666666666666665
3.0
3.6666666666666665
3.0
4.333333333333333
3.6666666666666665
3.0
3.6666666666666665
3.6666666666666665
3.3333333333333335
3.6666666666666665
2.6666666666666665
4.333333333333333
3.3333333333333335
2.6666666666666665
5.0
4.0
4.0
2.6666666666666665
3.6666666666666665
3.3333333333333335
3.6666666666666665
3.6666666666666665
3.0
3.3333333333333335
2.333333333333333
5.0
4.666666666666667
4.666666666666667
4.0
2.6666666666666665
4.0
2.333333333333333
3.0
2.333333333333333
2.333333333333333
3.6666666666666665
4.666666666666667
3.0
3.3333333333333335
3.3333333333333335
4.0
3.6666666666666665
3.6666666666666665
3.6666666666666665
3.6666666666666665
2.333333333333333
3.6666666666666665
3.3333333333333335
4.0
3.6666666666666665
3.6666666666666665
4.666666666666667
3.3333333333333335
1.0
2.6666666666666665
3.3333333333333335
4.0
3.3333333333333335
3.3333333333333335
4.0
3.0
4.666666666666667
5.0
2.6666666666666665
5.0
3.0
3.6666666666666665
2.333333333333333
3.0
1.9999999999999998
3.3333333333333335
4.666666666666667
4.0
4.0
4.0
3.3333333333333335
3.3333333333333335
4.0
3.6666666666666665
3.3333333333333335
3.6666666666666665
4.0
3.6666666666666665
3.6666666666666665
4.333333333333333
3.3333333333333335
2.333333333333333
4.666666666666667
3.3333333333333335
1.9999999999999998
2.333333333333333
4.0
3.0
3.6666666666666665
2.6666666666666665
2.6666666666666665
3.0
3.6666666666666665
3.3333333333333335
3.6666666666666665
2.6666666666666665
5.0
2.333333333333333
3.6666666666666665
3.3333333333333335
3.6666666666666665
2.333333333333333
3.0
3.0
4.333333333333333
3.6666666666666665
3.3333333333333335
3.6666666666666665
3.3333333333333335
4.333333333333333
2.333333333333333
4.0
1.6666666666666665
4.333333333333333
3.6666666666666665
4.0
16821:
3.3333333333333335
12497:
1.333333333333333
3.0
4.0
2.333333333333333
4.333333333333333
4.0
2.333333333333333
4.333333333333333
2.333333333333333
3.0
3.6666666666666665
3.3333333333333335
2.6666666666666665
1.9999999999999998
2.6666666666666665
2.6666666666666665
3.3333333333333335
2.6666666666666665
1.9999999999999998
3.3333333333333335
4.666666666666667
3.6666666666666665
2.333333333333333
1.6666666666666665
2.333333333333333
4.0
2.333333333333333
3.0
2.6666666666666665
3.3333333333333335
1.333333333333333
3.0
3.0
3.0
3.3333333333333335
3.0
3.3333333333333335
2.333333333333333
3.3333333333333335
3.3333333333333335
3.6666666666666665
1.9999999999999998
2.6666666666666665
3.3333333333333335
1.9999999999999998
2.333333333333333
3.3333333333333335
3.6666666666666665
3.3333333333333335
3.0
3.0
3.0
2.333333333333333
2.6666666666666665
2.333333333333333
2.6666666666666665
1.9999999999999998
3.6666666666666665
2.333333333333333
2.333333333333333
2.333333333333333
4.333333333333333
3.6666666666666665
3.0
3.6666666666666665
1.0
4.0
3.0
2.6666666666666665
1.9999999999999998
3.0
4.0
4.0
2.6666666666666665
2.333333333333333
3.3333333333333335
1.9999999999999998
1.9999999999999998
3.6666666666666665
3.6666666666666665
3.0
3.6666666666666665
3.0
3.6666666666666665
3.0
3.3333333333333335
5.0
2.6666666666666665
3.0
4.0
3.3333333333333335
1.6666666666666665
3.6666666666666665
2.333333333333333
2.333333333333333
4.333333333333333
2.333333333333333
3.0
2.6666666666666665
3.3333333333333335
2.333333333333333
3.3333333333333335
4.333333333333333
4.0
4.0
4.0
4.333333333333333
2.6666666666666665
2.333333333333333
3.3333333333333335
2.6666666666666665
2.6666666666666665
2.333333333333333
2.333333333333333
4.0
4.333333333333333
3.3333333333333335
3.6666666666666665
1.6666666666666665
3.3333333333333335
3.6666666666666665
2.6666666666666665
3.6666666666666665
2.6666666666666665
3.0
2.333333333333333
3.3333333333333335
2.6666666666666665
2.333333333333333
4.0
1.6666666666666665
2.6666666666666665
4.0
4.0
3.3333333333333335
3.3333333333333335
4.0
3.3333333333333335
3.0
1.9999999999999998
3.3333333333333335
1.9999999999999998
1.9999999999999998
3.0
3.0
2.6666666666666665
4.0
2.6666666666666665
3.3333333333333335
3.3333333333333335
3.6666666666666665
2.6666666666666665
2.333333333333333
3.6666666666666665
2.333333333333333
2.6666666666666665
3.6666666666666665
2.6666666666666665
4.0
2.333333333333333
3.0
2.333333333333333
12274:
4.0
3.6666666666666665
1.9999999999999998
662:
4.0
4.0
4.333333333333333
4.0
3.6666666666666665
4.666666666666667
3.6666666666666665
4.0
4.333333333333333
4.0
3.6666666666666665
4.0
4.0
5.0
3.6666666666666665
4.333333333333333
3.6666666666666665
5.0
4.333333333333333
4.0
5.0
3.3333333333333335
4.333333333333333
4.666666666666667
5.0
4.0
4.333333333333333
3.6666666666666665
4.666666666666667
5.0
4.666666666666667
3.6666666666666665
4.0
5.0
3.6666666666666665
4.333333333333333
4.0
4.0
2.6666666666666665
4.0
3.0
4.666666666666667
3.6666666666666665
5.0
4.0
4.333333333333333
4.0
4.666666666666667
4.333333333333333
4.666666666666667
11707:
3.0
4.0
1.0
3.3333333333333335
1.6666666666666665
4474:
1.333333333333333
3.0
1.6666666666666665
1.6666666666666665
3.0
1.333333333333333
2.333333333333333
2.6666666666666665
3.6666666666666665
2.6666666666666665
3.0
3.3333333333333335
1.333333333333333
2.333333333333333
2.6666666666666665
3.0
1.0
10608:
3.6666666666666665
3.3333333333333335
4.0
3.6666666666666665
5.0
4.0
5.0
3.6666666666666665
3.6666666666666665
3.6666666666666665
3.3333333333333335
3.3333333333333335
4.0
3.3333333333333335
2.6666666666666665
4.333333333333333
4847:
4.666666666666667
3.0
4.666666666666667
4.666666666666667
1.9999999999999998
4.0
4.666666666666667
2.6666666666666665
3.6666666666666665
4.0
3.3333333333333335
3.6666666666666665
4.333333333333333
4.666666666666667
4.666666666666667
3.3333333333333335
5.0
4.0
5.0
3.6666666666666665
4.333333333333333
4.0
4.333333333333333
4.333333333333333
4.333333333333333
4.666666666666667
4.0
3.6666666666666665
4.0
4.333333333333333
3.6666666666666665
4.333333333333333
3.0
4.666666666666667
5.0
5.0
4.333333333333333
4.666666666666667
4.0
4.666666666666667
5.0
4.0
4.0
4.666666666666667
3.3333333333333335
4.333333333333333
4.333333333333333
5.0
4.0
4.333333333333333
5.0
5.0
3.6666666666666665
4.0
4.666666666666667
4.0
3.3333333333333335
4.333333333333333
3.3333333333333335
4.666666666666667
4.0
5.0
3.6666666666666665
4.333333333333333
4.333333333333333
3.6666666666666665
3.3333333333333335
3.6666666666666665
4.666666666666667
3.6666666666666665
4.333333333333333
4.0
4.333333333333333
4.666666666666667
4.333333333333333
4.0
3.6666666666666665
4.0
3.6666666666666665
4.333333333333333
3.6666666666666665
4.0
2.6666666666666665
4.333333333333333
3.0
4.0
4.333333333333333
4.333333333333333
3.3333333333333335
4.333333333333333
3.3333333333333335
4.666666666666667
3.6666666666666665
5.0
4.0
4.333333333333333
4.333333333333333
5.0
5.0
5.0
4.0
4.333333333333333
4.0
2.333333333333333
4.333333333333333
4.0
2.6666666666666665
4.0
4.0
5.0
3.6666666666666665
4.333333333333333
5.0
4.0
3.3333333333333335
4.333333333333333
3.6666666666666665
3.6666666666666665
5.0
4.333333333333333
4.0
5.0
5.0
3.0
3.3333333333333335
3.0
4.333333333333333
4.333333333333333
2.6666666666666665
4.0
4.0
3.6666666666666665
2.6666666666666665
4.666666666666667
4.666666666666667
3.6666666666666665
4.333333333333333
4.0
4.666666666666667
4.333333333333333
4.333333333333333
5.0
5.0
4.666666666666667
4.0
5.0
3.3333333333333335
5.0
4.333333333333333
5.0
4.0
4.666666666666667
4.666666666666667
5.0
4.666666666666667
4.666666666666667
4.0
4.0
4.0
3.6666666666666665
3.3333333333333335
3.6666666666666665
3.6666666666666665
5.0
5.0
3.0
5.0
3.6666666666666665
5.0
4.0
3.3333333333333335
4.333333333333333
4.0
3.3333333333333335
4.333333333333333
4.333333333333333
4.0
5.0
4.666666666666667
4.666666666666667
3.3333333333333335
4.333333333333333
2.6666666666666665
4.333333333333333
4.333333333333333
4.333333333333333
3.6666666666666665
3.0
4.666666666666667
5.0
4.666666666666667
2.6666666666666665
5.0
4.0
4.666666666666667
4.666666666666667
3.6666666666666665
5.0
4.666666666666667
4.333333333333333
4.666666666666667
4.333333333333333
3.6666666666666665
4.0
4.666666666666667
4.666666666666667
3.6666666666666665
4.333333333333333
4.666666666666667
4.333333333333333
3.3333333333333335
4.0
2.6666666666666665
5.0
3.3333333333333335
3.6666666666666665
4.333333333333333
3.6666666666666665
5.0
4.333333333333333
4.0
3.0
4.333333333333333
5.0
4.333333333333333
4.333333333333333
3.6666666666666665
4.666666666666667
5.0
4.666666666666667
4.666666666666667
3.6666666666666665
4.333333333333333
4.0
4.0
3.6666666666666665
4.333333333333333
4.0
4.0
5.0
5.0
4.333333333333333
3.3333333333333335
4.666666666666667
4.0
3.0
4.666666666666667
4.0
3.6666666666666665
5.0
3.6666666666666665
3.0
5.0
4.0
4.0
3.6666666666666665
4.666666666666667
4.666666666666667
4.333333333333333
3.3333333333333335
4.0
3.6666666666666665
4.333333333333333
4.0
4.666666666666667
3.6666666666666665
4.666666666666667
15674:
2.6666666666666665
4.0
3.3333333333333335
3.6666666666666665
3.3333333333333335
3.3333333333333335
3.0
3.6666666666666665
2.6666666666666665
3.6666666666666665
2.333333333333333
3.0
4.0
4.333333333333333
4.0
4.0
4.666666666666667
4.333333333333333
2.333333333333333
3.3333333333333335
3.0
3.6666666666666665
3.0
3.0
3.3333333333333335
3.3333333333333335
4.333333333333333
4.333333333333333
3.3333333333333335
3.6666666666666665
2.6666666666666665
3.6666666666666665
3.3333333333333335
4.0
4.0
3.6666666666666665
4.0
4.0
4.0
4.0
3.6666666666666665
3.0
4.333333333333333
3.0
3.0
1.9999999999999998
3.3333333333333335
4.333333333333333
4.333333333333333
4.666666666666667
2.6666666666666665
5.0
3.0
3.0
4.333333333333333
4.333333333333333
4.0
4.333333333333333
1.6666666666666665
3.3333333333333335
4.0
5.0
3.6666666666666665
4.0
4.333333333333333
4.333333333333333
4.333333333333333
3.6666666666666665
3.6666666666666665
4.0
3.0
4.666666666666667
2.6666666666666665
1.6666666666666665
4.0
3.0
4.0
4.333333333333333
3.0
2.6666666666666665
3.0
2.333333333333333
3.6666666666666665
3.6666666666666665
4.0
4.333333333333333
3.3333333333333335
3.6666666666666665
4.333333333333333
4.333333333333333
3.3333333333333335
3.6666666666666665
3.3333333333333335
3.0
3.6666666666666665
3.3333333333333335
3.3333333333333335
3.6666666666666665
4.333333333333333
2.6666666666666665
4.0
3.3333333333333335
1.6666666666666665
4.0
4.666666666666667
3.0
1.0
15358:
3.3333333333333335
2.6666666666666665
4.0
4.0
4.333333333333333
1.6666666666666665
1.9999999999999998
11283:
4.0
3.3333333333333335
6632:
3.0
4.0
3.0
1.9999999999999998
2.6666666666666665
3.6666666666666665
3.0
2.333333333333333
1.6666666666666665
4.333333333333333
3.3333333333333335
2.6666666666666665
1.6666666666666665
2.333333333333333
2.333333333333333
1.0
1.9999999999999998
3.6666666666666665
15440:
1.9999999999999998
3.3333333333333335
3.3333333333333335
4.666666666666667
3.0
3.3333333333333335
3.0
2.333333333333333
1.9999999999999998
4.0
4.0
2.6666666666666665
3.6666666666666665
3.6666666666666665
3.6666666666666665
3.0
2.6666666666666665
3.6666666666666665
1.333333333333333
2.333333333333333
3.0
4.0
2.6666666666666665
4.333333333333333
2.6666666666666665
4.666666666666667
3.3333333333333335
3.3333333333333335
4.0
3.6666666666666665
4.333333333333333
2.6666666666666665
3.3333333333333335
2.333333333333333
3.6666666666666665
1.6666666666666665
4.0
2.6666666666666665
3.3333333333333335
3.3333333333333335
2.333333333333333
3.6666666666666665
2.333333333333333
2.6666666666666665
2.6666666666666665
4.0
4.333333333333333
3.6666666666666665
4.333333333333333
1.333333333333333
5.0
1.333333333333333
3.3333333333333335
8783:
3.0
4081:
2.333333333333333
4.0
3.0
1.0
1263:
3.6666666666666665
7219:
4.333333333333333
4.333333333333333
3.3333333333333335
16128:
4.0
4.333333333333333
3.6666666666666665
3.0
4.0
4.333333333333333
4.333333333333333
4.0
3.3333333333333335
4.0
4.666666666666667
5.0
4.0
3.6666666666666665
4.0
3.6666666666666665
2.333333333333333
4.0
5.0
3.3333333333333335
4.333333333333333
5.0
4.0
4.0
3.6666666666666665
3.0
4.0
4.666666666666667
3.6666666666666665
4.333333333333333
3.6666666666666665
4.0
3.3333333333333335
4.333333333333333
4.0
4.333333333333333
3.6666666666666665
4.0
5.0
3.3333333333333335
3.6666666666666665
3.0
4.333333333333333
4.333333333333333
5.0
3.3333333333333335
4.0
4.0
3.6666666666666665
3.6666666666666665
4.666666666666667
4.333333333333333
1.9999999999999998
4.666666666666667
4.333333333333333
5.0
3.6666666666666665
3.3333333333333335
4.0
4.0
4.333333333333333
4.333333333333333
4.0
4.0
4.333333333333333
3.6666666666666665
4.666666666666667
4.666666666666667
4.666666666666667
4.0
4.0
3.6666666666666665
3.6666666666666665
3.0
4.0
4.333333333333333
3.6666666666666665
3.3333333333333335
4.333333333333333
4.0
3.0
4.333333333333333
4.0
3.6666666666666665
4.0
3.0
4.666666666666667
3.3333333333333335
2.6666666666666665
3.0
3.3333333333333335
3.0
3.3333333333333335
4.333333333333333
3.3333333333333335
3.6666666666666665
3.6666666666666665
3.6666666666666665
3.6666666666666665
4.0
3.3333333333333335
5.0
3.6666666666666665
4.333333333333333
4.666666666666667
2.6666666666666665
4.0
3.0
4.666666666666667
3.3333333333333335
3.6666666666666665
3.6666666666666665
5.0
3.3333333333333335
5.0
3.0
4.666666666666667
4.333333333333333
4.666666666666667
4.0
1.6666666666666665
3.0
4.0
4.333333333333333
2.6666666666666665
3.0
4.666666666666667
4.0
4.666666666666667
3.6666666666666665
4.666666666666667
3.0
4.333333333333333
2.6666666666666665
3.6666666666666665
3.6666666666666665
5.0
4.333333333333333
5.0
3.0
3.6666666666666665
3.0
4.333333333333333
3.6666666666666665
3.6666666666666665
3.3333333333333335
2.333333333333333
4.666666666666667
4.0
4.666666666666667
2.333333333333333
3.6666666666666665
4.666666666666667
3.3333333333333335
3.6666666666666665
4.0
4.333333333333333
3.6666666666666665
3.3333333333333335
4.0
3.3333333333333335
2.6666666666666665
4.0
3.0
4.333333333333333
4.333333333333333
4.333333333333333
4.0
3.3333333333333335
4.0
4.0
4.0
3.0
3.0
4.333333333333333
4.333333333333333
3.0
3.6666666666666665
4.666666666666667
3.6666666666666665
5.0
3.6666666666666665
3.0
3.0
4.666666666666667
4.0
4.0
4.666666666666667
3.6666666666666665
2.6666666666666665
3.0
4.0
3.3333333333333335
3.0
4.0
4.0
3.6666666666666665
3.3333333333333335
4.333333333333333
2.6666666666666665
3.6666666666666665
3.3333333333333335
3.6666666666666665
3.0
3.3333333333333335
4.333333333333333
4.0
4.333333333333333
3.6666666666666665
4.0
3.3333333333333335
4.0
3.3333333333333335
4.0
4.0
4.0
4.0
4.666666666666667
3.6666666666666665
4.333333333333333
4.333333333333333
4.333333333333333
3.3333333333333335
3.6666666666666665
3.6666666666666665
3.6666666666666665
4.666666666666667
3.6666666666666665
3.3333333333333335
3.6666666666666665
4.0
5.0
4.666666666666667
3.3333333333333335
4.666666666666667
3.6666666666666665
4.333333333333333
5.0
5.0
4.666666666666667
3.6666666666666665
4.666666666666667
3.6666666666666665
4.333333333333333
3.6666666666666665
3.6666666666666665
4.333333333333333
3.6666666666666665
4.666666666666667
4.333333333333333
4.0
3.3333333333333335
4.333333333333333
4.0
3.3333333333333335
5.0
4.0
4.0
4.333333333333333
1.9999999999999998
2.6666666666666665
3.6666666666666665
3.6666666666666665
4.333333333333333
3.6666666666666665
4.0
4.666666666666667
3.6666666666666665
3.3333333333333335
4.333333333333333
4.333333333333333
4.0
5.0
5.0
4.666666666666667
5.0
3.6666666666666665
4.0
4.333333333333333
3.3333333333333335
4.0
3.6666666666666665
4.0
4.666666666666667
4.666666666666667
3.3333333333333335
3.6666666666666665
3.3333333333333335
4.333333333333333
3.6666666666666665
4.333333333333333
4.333333333333333
2.6666666666666665
2.6666666666666665
3.3333333333333335
4.0
4.666666666666667
3.3333333333333335
4.0
4.0
1.9999999999999998
3.3333333333333335
4.333333333333333
4.333333333333333
4.0
3.3333333333333335
3.6666666666666665
5.0
4.0
3.6666666666666665
3.3333333333333335
3.6666666666666665
4.333333333333333
4.0
4.0
3.6666666666666665
3.6666666666666665
3.6666666666666665
4.333333333333333
3.6666666666666665
4.666666666666667
4.0
4.333333333333333
4.333333333333333
3.3333333333333335
3.6666666666666665
3.6666666666666665
3.0
4.666666666666667
3.6666666666666665
3.6666666666666665
4.333333333333333
5.0
4.0
4.333333333333333
1.9999999999999998
3.0
3.6666666666666665
4.0
4.666666666666667
4.666666666666667
3.3333333333333335
4.666666666666667
4.0
4.666666666666667
2.6666666666666665
5.0
3.0
4.666666666666667
4.0
4.666666666666667
5.0
4.0
4.0
3.3333333333333335
4.0
3.6666666666666665
3.3333333333333335
3.6666666666666665
4.666666666666667
4.0
3.6666666666666665
4.333333333333333
4.333333333333333
2.6666666666666665
4.666666666666667
3.3333333333333335
3.3333333333333335
4.333333333333333
3.6666666666666665
2.333333333333333
3.3333333333333335
4.666666666666667
3.0
3.6666666666666665
4.333333333333333
5.0
3.3333333333333335
3.6666666666666665
4.666666666666667
4.0
3.6666666666666665
4.0
4.333333333333333
4.0
4.0
3.6666666666666665
4.333333333333333
4.0
4.666666666666667
4.333333333333333
3.3333333333333335
2.333333333333333
4.333333333333333
3.6666666666666665
4.666666666666667
4.333333333333333
4.333333333333333
3.0
3.6666666666666665
4.333333333333333
4.0
4.0
4.666666666666667
4.0
3.6666666666666665
3.0
4.0
5.0
3.3333333333333335
3.3333333333333335
5.0
3.6666666666666665
3.0
3.3333333333333335
2.6666666666666665
3.6666666666666665
3.6666666666666665
4.333333333333333
5.0
4.0
3.6666666666666665
3.6666666666666665
1.6666666666666665
3.6666666666666665
3.3333333333333335
3.3333333333333335
3.3333333333333335
3.3333333333333335
4.333333333333333
3.6666666666666665
3.3333333333333335
3.0
4.666666666666667
4.666666666666667
3.6666666666666665
5.0
4.333333333333333
4.333333333333333
4.0
3.0
4.0
4.333333333333333
5.0
4.666666666666667
4.0
4.333333333333333
4.0
3.6666666666666665
4.666666666666667
4.333333333333333
4.666666666666667
2.333333333333333
3.3333333333333335
4.666666666666667
4.333333333333333
3.0
3.6666666666666665
3.3333333333333335
4.333333333333333
4.666666666666667
4.666666666666667
4.333333333333333
3.6666666666666665
3.3333333333333335
3.0
3.6666666666666665
4.0
4.333333333333333
4.0
1.6666666666666665
3.6666666666666665
3.0
4.333333333333333
3.0
3.0
2.6666666666666665
3.6666666666666665
4.0
4.0
4.666666666666667
3.0
4.0
2.6666666666666665
3.3333333333333335
4.0
4.666666666666667
3.0
4.333333333333333
4.333333333333333
5.0
4.333333333333333
3.6666666666666665
3.0
4.333333333333333
4.333333333333333
4.0
3.3333333333333335
3.0
3.3333333333333335
5.0
3.0
4.0
4.0
3.6666666666666665
3.6666666666666665
4.0
4.333333333333333
5.0
3.6666666666666665
3.6666666666666665
3.6666666666666665
4.333333333333333
4.333333333333333
3.6666666666666665
3.6666666666666665
4.666666666666667
4.666666666666667
3.6666666666666665
4.666666666666667
3.3333333333333335
4.333333333333333
4.666666666666667
4.0
4.0
4.666666666666667
4.0
4.333333333333333
3.6666666666666665
3.3333333333333335
4.0
3.6666666666666665
4.666666666666667
5.0
4.333333333333333
3.0
4.666666666666667
3.0
4.666666666666667
4.666666666666667
4.666666666666667
4.333333333333333
3.3333333333333335
4.333333333333333
3.6666666666666665
3.6666666666666665
2.6666666666666665
4.0
3.6666666666666665
4.0
3.3333333333333335
4.333333333333333
3.3333333333333335
4.333333333333333
4.666666666666667
4.0
4.666666666666667
4.333333333333333
4.666666666666667
4.333333333333333
3.6666666666666665
3.6666666666666665
4.0
4.0
4.333333333333333
3.6666666666666665
4.666666666666667
3.3333333333333335
3.0
3.0
3.3333333333333335
3.6666666666666665
4.333333333333333
4.333333333333333
5.0
3.3333333333333335
3.3333333333333335
4.0
4.333333333333333
2.6666666666666665
3.6666666666666665
4.333333333333333
4.0
4.333333333333333
3.3333333333333335
3.0
3.6666666666666665
4.333333333333333
3.0
3.3333333333333335
3.3333333333333335
3.6666666666666665
5.0
1.9999999999999998
3.6666666666666665
4.666666666666667
3.3333333333333335
3.3333333333333335
3.0
4.0
3.6666666666666665
4.333333333333333
4.666666666666667
4.333333333333333
3.3333333333333335
4.333333333333333
3.0
4.0
2.6666666666666665
3.6666666666666665
4.333333333333333
3.3333333333333335
4.333333333333333
3.3333333333333335
3.6666666666666665
12730:
2.6666666666666665
4.0
1.9999999999999998
3.6666666666666665
3.0
1.9999999999999998
2.333333333333333
3.0
3.3333333333333335
14632:
4.333333333333333
4.0
3.3333333333333335
4.333333333333333
3.6666666666666665
3.6666666666666665
10510:
1.333333333333333
2.333333333333333
3.6666666666666665
1.6666666666666665
16650:
2.333333333333333
14497:
3.0
2.333333333333333
7180:
3.3333333333333335
3.0
1.0
3.3333333333333335
1.9999999999999998
2.333333333333333
1.9999999999999998
2.6666666666666665
1.6666666666666665
4.0
2.333333333333333
2.333333333333333
1.9999999999999998
1.9999999999999998
2.333333333333333
4.0
2.333333333333333
4.333333333333333
1.333333333333333
15113:
4.0
